UUUUUUUUUUUUUUUU
XXXXXXXXXXXXXXXX
0000000000000000
0000001101100101
0000001001110101
1111111100001000
0000000000101110
1111111111111100
1111111110011100
1111111111011111
0000000000010100
0000000000000110
1111111111100110
1111111111010011
1111111111001101
1111111111011000
1111111111101001
1111111111111001
1111111111111110
1111111111111100
1111111111110100
1111111111101100
1111111111100100
1111111111011110
1111111111011100
1111111111011011
1111111111011101
1111111111100000
1111111111100010
1111111111100111
1111111111101100
1111111111101111
1111111111110000
1111111111110011
1111111111110100
1111111111110100
1111111111110010
1111111111101111
1111111111101110
1111111111101101
1111111111101010
1111111111101000
1111111111100110
1111111111100101
1111111111100101
1111111111100011
1111111111100011
1111111111100100
1111111111100011
1111111111100101
1111111111100111
1111111111101000
1111111111101001
1111111111101010
1111111111101010
1111111111101100
1111111111101101
1111111111101110
1111111111101111
1111111111110000
1111111111110010
1111111111110100
1111111111110101
1111111111110100
1111111111110110
1111111111110110
1111111111110111
1111111111110101
