UUUUUUUUUUUUUUUU
UUUUUUUUUUUUUUUU
XXXXXXXXXXXXXXXX
0000000000000000
0000000010100110
0000000110111001
0000001010001000
0000001101001101
0000001111110001
0000010001011000
0000010010001111
0000010010100000
0000010010000100
0000010000110000
0000001110101000
0000001011110111
0000001000011100
0000000100100001
0000000000011101
1111111100011000
1111111000010101
1111110100011110
1111110000111111
1111101101111001
1111101011011000
1111101001100100
1111101000011011
1111101000000011
1111101000011110
1111101001101010
1111101011100100
1111101110000100
1111110001001011
1111110100110111
1111111000110111
1111111101000101
0000000001010001
0000000101010000
0000001001000000
0000001100010101
0000001111000010
0000010001000100
0000010010010111
0000010010110110
0000010010011110
0000010001001101
0000001111001000
0000001100011010
0000001001000100
0000000101001101
0000000001001010
1111111101000001
1111111000110001
1111110100101010
1111110000111100
1111101101100111
1111101010111011
1111101001000000
1111100111111000
1111100111101001
1111101000010010
1111101001110000
1111101100000001
1111101110111100
1111110010011011
1111110110011100
1111111010110001
1111111111010001
0000000011101111
0000000111111110
0000001011111001
0000001111010111
0000010010001000
0000010100001010
0000010101011011
0000010101110101
0000010101010111
0000010011111110
0000010001101111
0000001110110110
0000001011010101
0000000111010001
0000000010111111
1111111110100110
1111111010001000
1111110101110110
1111110001111101
1111101110011111
1111101011101100
1111101001101011
1111101000011101
1111101000001010
1111101000110000
1111101010001100
1111101100011010
1111101111010010
1111110010110010
1111110110110110
1111111011001101
1111111111110000
0000000100010100
0000001000100111
0000001100100101
0000010000000110
0000010010111011
0000010100111111
0000010110010001
0000010110101110
0000010110010010
0000010100111001
0000010010101001
0000001111110001
0000001100010011
0000001000010001
0000000011111111
1111111111101000
1111111011001011
1111110110111001
1111110011000001
1111101111100011
1111101100110000
1111101010101110
1111101001100000
1111101001001110
1111101001110010
1111101011001100
1111101101011011
1111110000010100
1111110011110011
1111110111110100
1111111100001001
0000000000101100
0000000101001101
0000001001011101
0000001101011001
0000010000111000
0000010011101100
0000010101101111
0000010110111111
0000010111011001
0000010110111011
0000010101011111
0000010011001101
0000010000010011
0000001100110011
0000001000110001
0000000100011111
0000000000001001
1111111011101110
1111110111011010
1111110011011110
1111101111111101
1111101101000110
1111101011000010
1111101001110011
1111101001100000
1111101010000100
1111101011011101
1111101101101000
1111110000011100
1111110011111001
1111110111111010
1111111100001111
0000000000110000
0000000101001111
0000001001011110
0000001101011001

