UUUUUUUUUUUUUUUU
UUUUUUUUUUUUUUUU
0000010000000000
0000011101010110
0000010111111010
0000010010010100
0000001100110011
0000000111100101
0000000010110010
1111111110100000
1111111010110101
1111110111110101
1111110101100000
1111110011110101
1111110010110100
1111110010011010
1111110010100001
1111110011000101
1111110100000010
1111110101010010
1111110110101111
1111111000010100
1111111001111110
1111111011101001
1111111101001111
1111111110101101
0000000000000010
0000000001001101
0000000010001011
0000000010111100
0000000011100000
0000000011110110
0000000100000001
0000000100000010
0000000011111001
0000000011101000
0000000011010010
0000000010111001
0000000010011101
0000000001111110
0000000001011110
0000000000111111
0000000000100010
0000000000000111
1111111111110000
1111111111011101
1111111111001101
1111111111000001
1111111110111001
1111111110110101
1111111110110100
1111111110110110
1111111110111011
1111111111000001
1111111111001000
1111111111010000
1111111111011000
1111111111100001
1111111111101010
1111111111110010
1111111111111010
0000000000000010
0000000000001001
0000000000001110
0000000000010010
0000000000010101
0000000000010110
0000000000010111
0000000000011000
0000000000011000
0000000000010111
0000000000010101
0000000000010010
0000000000001110
0000000000001010
0000000000000110
0000000000000011
0000000000000001
1111111111111111
1111111111111101
1111111111111011
1111111111111010
1111111111111001
1111111111111000
1111111111110111
1111111111110110
1111111111110110
1111111111110111
1111111111111001
1111111111111010
1111111111111011
1111111111111101
1111111111111110
1111111111111110
1111111111111110
1111111111111111
0000000000000001
0000000000000010
0000000000000010
0000000000000010
0000000000000010
0000000000000010
0000000000000011
0000000000000100
0000000000000100
0000000000000100
0000000000000011
0000000000000010
0000000000000010
0000000000000010
0000000000000010
0000000000000001
1111111111111111
1111111111111110
1111111111111110
1111111111111110
1111111111111110
1111111111111110
1111111111111110
1111111111111111
0000000000000000
0000000000000000
0000000000000000
0000000000000000
0000000000000000
0000000000000000
0000000000000000
0000000000000000
0000000000000000
0000000000000000
0000000000000000
0000000000000000
0000000000000000
0000000000000000
0000000000000000
0000000000000000
0000000000000000
0000000000000000
0000000000000000
0000000000000000
0000000000000000
0000000000000000
0000000000000000
0000000000000000
0000000000000000
0000000000000000
0000000000000000
0000000000000000
0000000000000000
0000000000000000
0000000000000000
0000000000000000
0000000000000000
0000000000000000
0000000000000000
0000000000000000
0000000000000000
0000000000000000
0000000000000000
0000000000000000
0000000000000000
0000000000000000
0000000000000000
0000000000000000
0000000000000000
0000000000000000
0000000000000000
0000000000000000
0000000000000000
0000000000000000
0000000000000000
0000000000000000
0000000000000000
0000000000000000
0000000000000000
0000000000000000
0000000000000000
0000000000000000
0000000000000000
0000000000000000
0000000000000000
