0000000000010001
0000000000100001
0000000000011110
0000000000011011
0000000000011000
0000000000010101
0000000000010010
0000000000001110
0000000000001011
0000000000001001
0000000000000111
0000000000000100
0000000000000000
1111111111111100
1111111111111001
1111111111110111
1111111111110101
1111111111110011
1111111111110001
1111111111101111
1111111111101101
1111111111101011
1111111111101001
1111111111100111
1111111111100110
1111111111100101
1111111111100100
1111111111100011
1111111111100010
1111111111100001
1111111111100000
1111111111100000
1111111111100000
1111111111100000
1111111111100000
1111111111100000
1111111111100000
1111111111100000
1111111111100000
1111111111100001
1111111111100010
1111111111100011
1111111111100100
1111111111100101
1111111111100110
1111111111100111
1111111111101000
1111111111101001
1111111111101010
1111111111101011
1111111111101100
1111111111101100
1111111111101101
1111111111101110
1111111111101110
1111111111101111
1111111111110000
1111111111110000
1111111111110001
1111111111110011
1111111111110100
1111111111110100
1111111111110101
1111111111110111
1111111111111001
1111111111111010
1111111111111010
1111111111111010
1111111111111010
1111111111111010
1111111111111011
1111111111111101
1111111111111111
0000000000000001
0000000000000011
0000000000000101
0000000000000110
0000000000000110
0000000000000110
0000000000000110
0000000000000110
0000000000000110
0000000000000110
0000000000000111
0000000000001001
0000000000001010
0000000000001010
0000000000001010
0000000000001010
0000000000001010
0000000000001010
0000000000001010
0000000000001010
0000000000001010
0000000000001010
0000000000001010
0000000000001010
0000000000001010
0000000000001010
0000000000001010
0000000000001001
0000000000001000
0000000000001000
0000000000001000
0000000000001000
0000000000001000
0000000000001000
0000000000000111
0000000000000110
0000000000000110
0000000000000110
0000000000000110
0000000000000110
0000000000000110
0000000000000110
0000000000000101
0000000000000011
0000000000000001
0000000000000000
0000000000000000
0000000000000000
0000000000000000
0000000000000000
0000000000000000
0000000000000000
0000000000000000
0000000000000000
0000000000000000
0000000000000000
0000000000000000
0000000000000000
0000000000000000
0000000000000000
0000000000000000
0000000000000000
0000000000000000
0000000000000000
0000000000000000
0000000000000000
0000000000000000
0000000000000000
0000000000000000
0000000000000000
0000000000000000
0000000000000000
0000000000000000
0000000000000000
0000000000000000
0000000000000000
0000000000000000
0000000000000000
0000000000000000
0000000000000000
0000000000000000
0000000000000000
0000000000000000
