UUUUUUUUUUUUUUUU
UUUUUUUUUUUUUUUU
0000010000000000
0000011111101101
0000011111000110
0000011110011101
0000011101110010
0000011101000101
0000011100010111
0000011011101001
0000011010111010
0000011010001010
0000011001011001
0000011000100111
0000010111110101
0000010111000010
0000010110001111
0000010101011100
0000010100101000
0000010011110011
0000010010111110
0000010010001010
0000010001010101
0000010000011111
0000001111101010
0000001110110110
0000001110000001
0000001101001011
0000001100010101
0000001011011111
0000001010101010
0000001001110110
0000001001000010
0000001000001110
0000000111011010
0000000110100110
0000000101110010
0000000100111111
0000000100001101
0000000011011011
0000000010101010
0000000001111010
0000000001001011
0000000000011101
1111111111110000
1111111111000100
1111111110011001
1111111101101111
1111111101000101
1111111100011011
1111111011110010
1111111011001010
1111111010100011
1111111001111110
1111111001011011
1111111000111001
1111111000010111
1111110111110110
1111110111010111
1111110110111001
1111110110011100
1111110110000000
1111110101100100
1111110101001001
1111110100101111
1111110100010110
1111110011111111
1111110011101001
1111110011010100
1111110011000000
1111110010101101
1111110010011100
1111110010001100
1111110001111101
1111110001101111
1111110001100010
1111110001010110
1111110001001011
1111110001000010
1111110000111010
1111110000110011
1111110000101110
1111110000101010
1111110000100110
1111110000100011
1111110000100001
1111110000100000
1111110000100001
1111110000100011
1111110000100101
1111110000100111
1111110000101010
1111110000101111
1111110000110110
1111110000111110
1111110001000101
1111110001001100
1111110001010101
1111110001011111
1111110001101001
1111110001110100
1111110010000000
1111110010001100
1111110010011000
1111110010100110
1111110010110101
1111110011000011
1111110011010010
1111110011100010
1111110011110011
1111110100000101
1111110100010111
1111110100101001
1111110100111011
1111110101001110
1111110101100010
1111110101110110
1111110110001010
1111110110011110
1111110110110010
1111110111000110
1111110111011010
1111110111101110
1111111000000011
1111111000011000
1111111000101101
1111111001000011
1111111001011000
1111111001101101
1111111010000011
1111111010011001
1111111010101110
1111111011000010
1111111011010110
1111111011101011
1111111100000000
1111111100010101
1111111100101011
1111111101000001
1111111101010110
1111111101101010
1111111101111110
1111111110010010
1111111110100110
1111111110111010
1111111111001101
1111111111100000
1111111111110011
0000000000000101
0000000000010111
0000000000101001
0000000000111010
0000000001001010
0000000001011010
0000000001101010
0000000001111010
0000000010001010
0000000010011001
0000000010100111
0000000010110101
0000000011000010
0000000011001110
0000000011011011
0000000011101000
0000000011110100
0000000100000000
0000000100001011
0000000100010101
0000000100011111
0000000100101001
0000000100110011
0000000100111100
0000000101000100
0000000101001100
0000000101010100
0000000101011100
0000000101100011
0000000101101001
0000000101101111
0000000101110100
0000000101111000
