0000000000001000
0000000000001111
0000000000001101
0000000000001011
0000000000001001
0000000000000111
0000000000000101
0000000000000011
0000000000000001
1111111111111111
1111111111111101
1111111111111011
1111111111111001
1111111111110111
1111111111110101
1111111111110011
1111111111110001
1111111111110000
1111111111110000
1111111111101111
1111111111101101
1111111111101011
1111111111101001
1111111111101000
1111111111100111
1111111111100101
1111111111100011
1111111111100010
1111111111100010
1111111111100001
1111111111011111
1111111111011110
1111111111011101
1111111111011011
1111111111011010
1111111111011001
1111111111010111
1111111111010110
1111111111010101
1111111111010100
1111111111010100
1111111111010011
1111111111010010
1111111111010001
1111111111010000
1111111111010000
1111111111010000
1111111111010000
1111111111010000
1111111111010000
1111111111010000
1111111111010000
1111111111010000
1111111111010000
1111111111010000
1111111111010000
1111111111010000
1111111111010001
1111111111010010
1111111111010010
1111111111010010
1111111111010010
1111111111010011
1111111111010100
1111111111010101
1111111111010110
1111111111010110
1111111111010111
1111111111011000
1111111111011000
1111111111011001
1111111111011010
1111111111011011
1111111111011101
1111111111011110
1111111111011110
1111111111011111
1111111111100000
1111111111100000
1111111111100001
1111111111100010
1111111111100010
1111111111100011
1111111111100101
1111111111100110
1111111111100110
1111111111100110
1111111111100111
1111111111101001
1111111111101010
1111111111101010
1111111111101011
1111111111101101
1111111111101111
1111111111110000
1111111111110000
1111111111110000
1111111111110001
1111111111110011
1111111111110101
1111111111110111
1111111111111001
1111111111111010
1111111111111010
1111111111111010
1111111111111010
1111111111111010
1111111111111010
1111111111111010
1111111111111010
1111111111111010
1111111111111010
1111111111111011
1111111111111101
1111111111111111
0000000000000001
0000000000000011
0000000000000101
0000000000000110
0000000000000110
0000000000000110
0000000000000110
0000000000000110
0000000000000110
0000000000000110
0000000000000110
0000000000000110
0000000000000110
0000000000000110
0000000000000110
0000000000000111
0000000000001001
0000000000001011
0000000000001101
0000000000001110
0000000000001110
0000000000001110
0000000000001110
0000000000001110
0000000000001110
0000000000001111
0000000000010000
0000000000010000
0000000000010000
0000000000010000
0000000000010000
0000000000010000
0000000000010001
0000000000010010
0000000000010010
0000000000010010
0000000000010010
0000000000010010
0000000000010010
0000000000010010
0000000000010010
