UUUUUUUUUUUUUUUU
UUUUUUUUUUUUUUUU
0000010000000000
0000011111011011
0000011110010001
0000011101000111
0000011011111110
0000011010110110
0000011001101110
0000011000100110
0000010111011111
0000010110011001
0000010101010100
0000010100010001
0000010011001111
0000010010001101
0000010001001100
0000010000001101
0000001111001111
0000001110010010
0000001101010110
0000001100011011
0000001011100010
0000001010101011
0000001001110101
0000001001000000
0000001000001100
0000000111011001
0000000110101000
0000000101111001
0000000101001011
0000000100011110
0000000011110010
0000000011000111
0000000010011110
0000000001110110
0000000001010000
0000000000101100
0000000000001000
1111111111100101
1111111111000100
1111111110100100
1111111110000101
1111111101101000
1111111101001100
1111111100110000
1111111100010101
1111111011111100
1111111011100101
1111111011001111
1111111010111010
1111111010100110
1111111010010010
1111111001111111
1111111001101101
1111111001011100
1111111001001100
1111111000111101
1111111000110000
1111111000100100
1111111000011001
1111111000001111
1111111000000101
1111110111111100
1111110111110100
1111110111101100
1111110111100101
1111110111011111
1111110111011001
1111110111010100
1111110111010000
1111110111001101
1111110111001011
1111110111001001
1111110111000111
1111110111000110
1111110111000110
1111110111000110
1111110111000110
1111110111000111
1111110111001001
1111110111001011
1111110111001101
1111110111010000
1111110111010100
1111110111011001
1111110111011111
1111110111100100
1111110111101001
1111110111101111
1111110111110101
1111110111111100
1111111000000100
1111111000001100
1111111000010100
1111111000011100
1111111000100011
1111111000101010
1111111000110010
1111111000111010
1111111001000010
1111111001001010
1111111001010011
1111111001011100
1111111001100101
1111111001101110
1111111001110110
1111111001111110
1111111010000110
1111111010001111
1111111010011001
1111111010100011
1111111010101100
1111111010110100
1111111010111100
1111111011000101
1111111011001111
1111111011011001
1111111011100010
1111111011101010
1111111011110010
1111111011111010
1111111100000011
1111111100001100
1111111100010101
1111111100011111
1111111100101001
1111111100110011
1111111100111100
1111111101000101
1111111101001110
1111111101010110
1111111101011110
1111111101100110
1111111101101110
1111111101110110
1111111101111110
1111111110000110
1111111110001110
1111111110010101
1111111110011100
1111111110100100
1111111110101011
1111111110110001
1111111110110111
1111111110111101
1111111111000010
1111111111000111
1111111111001101
1111111111010010
1111111111010110
1111111111011011
1111111111100001
1111111111100110
1111111111101010
1111111111101111
1111111111110100
1111111111111000
1111111111111100
0000000000000000
0000000000000100
0000000000001000
0000000000001100
0000000000010000
0000000000010011
0000000000010101
0000000000011000
0000000000011011
0000000000011110
0000000000100001
0000000000100100
0000000000100111
0000000000101001
0000000000101011
0000000000101101
0000000000101111
0000000000110001
0000000000110011
0000000000110101
0000000000110111
0000000000111001
