UUUUUUUUUUUUUUUU
UUUUUUUUUUUUUUUU
0000010000000000
0000011001111100
0000001101111111
0000000011000110
1111111010011101
1111110100101100
1111110001110110
1111110001100101
1111110011010011
1111110110010001
1111111001110011
1111111101010011
0000000000010011
0000000010100001
0000000011110110
0000000100010101
0000000100001000
0000000011011011
0000000010011100
0000000001011000
0000000000011001
1111111111100111
1111111111000100
1111111110110001
1111111110101110
1111111110110110
1111111111000101
1111111111011001
1111111111101110
0000000000000000
0000000000001101
0000000000010101
0000000000011001
0000000000011001
0000000000010110
0000000000010001
0000000000001010
0000000000000011
1111111111111110
1111111111111011
1111111111111001
1111111111111000
1111111111111001
1111111111111011
1111111111111101
1111111111111110
1111111111111111
0000000000000001
0000000000000010
0000000000000010
0000000000000010
0000000000000010
0000000000000010
0000000000000001
1111111111111111
1111111111111110
1111111111111110
1111111111111111
0000000000000001
0000000000000010
0000000000000010
0000000000000001
1111111111111111
1111111111111110
1111111111111110
1111111111111111
0000000000000001
0000000000000010
0000000000000010
0000000000000001
1111111111111111
1111111111111110
1111111111111110
1111111111111111
0000000000000001
0000000000000010
0000000000000010
0000000000000001
1111111111111111
1111111111111110
1111111111111110
1111111111111111
0000000000000001
0000000000000010
0000000000000010
0000000000000001
1111111111111111
1111111111111110
1111111111111110
1111111111111111
0000000000000001
0000000000000010
0000000000000010
0000000000000001
1111111111111111
1111111111111110
1111111111111110
1111111111111111
0000000000000001
0000000000000010
0000000000000010
0000000000000001
1111111111111111
1111111111111110
1111111111111110
1111111111111111
0000000000000001
0000000000000010
0000000000000010
0000000000000001
1111111111111111
1111111111111110
1111111111111110
1111111111111111
0000000000000001
0000000000000010
0000000000000010
0000000000000001
1111111111111111
1111111111111110
1111111111111110
1111111111111111
0000000000000001
0000000000000010
0000000000000010
0000000000000001
1111111111111111
1111111111111110
1111111111111110
1111111111111111
0000000000000001
0000000000000010
0000000000000010
0000000000000001
1111111111111111
1111111111111110
1111111111111110
1111111111111111
0000000000000001
0000000000000010
0000000000000010
0000000000000001
1111111111111111
1111111111111110
1111111111111110
1111111111111111
0000000000000001
0000000000000010
0000000000000010
0000000000000001
1111111111111111
1111111111111110
1111111111111110
1111111111111111
0000000000000001
0000000000000010
0000000000000010
0000000000000001
1111111111111111
1111111111111110
1111111111111110
1111111111111111
0000000000000001
0000000000000010
0000000000000010
0000000000000001
1111111111111111
1111111111111110
1111111111111110
1111111111111111
0000000000000001
0000000000000010
0000000000000010
0000000000000001
1111111111111111
1111111111111110
1111111111111110
1111111111111111
0000000000000001
