UUUUUUUUUUUUUUUU
UUUUUUUUUUUUUUUU
0000010000000000
0000011110110010
0000011100010010
0000011001101100
0000010111000010
0000010100010110
0000010001101011
0000001111000010
0000001100011100
0000001001111011
0000000111011111
0000000101001000
0000000010111000
0000000000110000
1111111110110001
1111111100111100
1111111011010001
1111111001101111
1111111000010111
1111110111001001
1111110110000101
1111110101001100
1111110100011101
1111110011111000
1111110011011100
1111110011001000
1111110010111101
1111110010111011
1111110011000001
1111110011001101
1111110011011111
1111110011110111
1111110100010100
1111110100110110
1111110101011100
1111110110000110
1111110110110011
1111110111100010
1111111000010010
1111111001000011
1111111001110101
1111111010100111
1111111011011000
1111111100001000
1111111100110111
1111111101100101
1111111110010010
1111111110111101
1111111111100101
0000000000001011
0000000000101110
0000000001001101
0000000001101010
0000000010000101
0000000010011101
0000000010110010
0000000011000100
0000000011010011
0000000011011111
0000000011101000
0000000011101110
0000000011110001
0000000011110010
0000000011110010
0000000011110000
0000000011101011
0000000011100100
0000000011011100
0000000011010011
0000000011001001
0000000010111110
0000000010110001
0000000010100011
0000000010010101
0000000010000111
0000000001111001
0000000001101010
0000000001011011
0000000001001101
0000000000111111
0000000000110010
0000000000100110
0000000000011010
0000000000001110
0000000000000011
1111111111111001
1111111111101111
1111111111100110
1111111111011110
1111111111010111
1111111111010001
1111111111001011
1111111111000101
1111111111000001
1111111110111110
1111111110111011
1111111110111001
1111111110111000
1111111110111000
1111111110111001
1111111110111010
1111111110111011
1111111110111110
1111111111000001
1111111111000011
1111111111000110
1111111111001010
1111111111001110
1111111111010010
1111111111010110
1111111111011010
1111111111011110
1111111111100010
1111111111100110
1111111111101010
1111111111101110
1111111111110010
1111111111110110
1111111111111001
1111111111111100
0000000000000000
0000000000000100
0000000000000111
0000000000001001
0000000000001011
0000000000001101
0000000000001111
0000000000010001
0000000000010010
0000000000010011
0000000000010100
0000000000010100
0000000000010100
0000000000010100
0000000000010100
0000000000010100
0000000000010011
0000000000010010
0000000000010010
0000000000010001
0000000000010000
0000000000001111
0000000000001110
0000000000001101
0000000000001100
0000000000001011
0000000000001010
0000000000001001
0000000000000111
0000000000000110
0000000000000110
0000000000000101
0000000000000011
0000000000000001
1111111111111111
1111111111111101
1111111111111011
1111111111111010
1111111111111010
1111111111111010
1111111111111010
1111111111111010
1111111111111010
1111111111111010
1111111111111010
1111111111111010
1111111111111010
1111111111111010
1111111111111010
1111111111111010
1111111111111011
1111111111111100
1111111111111100
1111111111111100
1111111111111100
1111111111111100
1111111111111101
1111111111111111
0000000000000001
