UUUUUUUUUUUUUUUU
UUUUUUUUUUUUUUUU
XXXXXXXXXXXXXXXX
0000000000000000
0000000010100110
0000000110111001
0000001010001000
0000001101001101
0000001111110001
0000010001011000
0000010010001111
0000010010100000
0000010010000100
0000010000110000
0000001110101000
0000001011110111
0000001000011100
0000000100100001
0000000000011101
1111111100011000
1111111000010101
1111110100011110
1111110000111111
1111101101111001
1111101011011000
1111101001100100
1111101000011011
1111101000000011
1111101000011110
1111101001101010
1111101011100100
1111101110000100
1111110001001011
1111110100110111
1111111000110111
1111111101000101
1111111110101011
1111111110010010
1111111110101001
1111111110110001
1111111110110110
1111111111001011
1111111111100001
1111111111101010
1111111111100111
1111111111100101
1111111111100111
1111111111101011
1111111111110000
1111111111110010
1111111111101111
1111111111100101
1111111111010101
1111111111000101
1111111110110110
1111111110101001
1111111110100000
1111111110011001
1111111110011001
1111111110100001
1111111110101110
1111111111000010
1111111111011011
1111111111110101
0000000000010001
0000000000101100
0000000001000100
0000000001011010
0000000001101100
0000000001111011
0000000010001000
0000000010010000
0000000010010011
0000000010010011
0000000010010000
0000000010001011
0000000010000101
0000000001111110
0000000001110110
0000000001101100
0000000001011111
0000000001010010
0000000001000110
0000000000111011
0000000000110001
0000000000101000
0000000000011111
0000000000010110
0000000000001110
0000000000000110
0000000000000000
1111111111111110
1111111111111101
1111111111111011
1111111111111010
1111111111111000
1111111111110101
1111111111110110
1111111111111001
1111111111111110
0000000000000101
0000000000001010
0000000000001101
0000000000001111
0000000000010001
0000000000010011
0000000000010101
0000000000011000
0000000000011101
0000000000100010
0000000000100111
0000000000101100
0000000000101111
0000000000110010
0000000000110101
0000000000110111
0000000000111001
0000000000111010
0000000000111011
0000000000111010
0000000000110110
