0000000011000111
0000000110000111
0000001000111000
0000001011010100
0000001101010011
0000001110110010
0000001111101100
0000010000000000
0000001111101100
0000001110110010
0000001101010011
0000001011010100
0000001000111000
0000000110000111
0000000011000111
0000000000000000
1111111100111001
1111111001111001
1111110111001000
1111110100101100
1111110010101101
1111110001001110
1111110000010100
1111110000000000
1111110000010100
1111110001001110
1111110010101101
1111110100101100
1111110111001000
1111111001111001
1111111100111001
0000000000000000
